image_width: 1280
image_height: 720
camera_name: head_camera
camera_matrix:
  rows: 3
  cols: 3
  data: [997.1410709758351, 0, 620.2712277820584, 0, 1000.62021150938, 401.6358113787741, 0, 0, 1]
distortion_model: plumb_bob
distortion_coefficients:
  rows: 1
  cols: 5
  data: [0.07521726747524617, -0.1364085827047695, 0.01111997443259327, -0.001636969888224974, 0]
rectification_matrix:
  rows: 3
  cols: 3
  data: [1, 0, 0, 0, 1, 0, 0, 0, 1]
projection_matrix:
  rows: 3
  cols: 4
  data: [1007.739501953125, 0, 617.3479149530467, 0, 0, 1011.606872558594, 407.8221878260792, 0, 0, 0, 1, 0]